1575108942.054472,0
1575108942.163629,42
1575108942.271723,85
1575108942.379951,99
1575108942.485254,100
1575108942.594257,99
1575108942.702217,99
1575108942.812509,98
1575108942.922913,97
1575108943.042587,91
1575108943.273922,77
1575108943.383784,70
1575108943.491891,61
1575108943.601317,70
1575108943.709209,82
1575108943.815670,78
1575108943.928973,52
1575108944.038248,52
1575108944.147302,58
1575108944.256331,60
1575108944.365235,70
1575108944.474156,72
1575108944.583301,80
1575108944.692271,64
1575108944.801852,52
1575108944.912900,60
1575108945.029480,62
1575108945.138573,63
1575108945.247736,73
1575108945.356956,81
1575108945.465938,81
1575108945.574919,54
1575108945.683992,52
1575108945.792819,53
1575108945.901665,53
1575108946.010583,53
1575108946.119557,53
1575108946.228498,54
1575108946.337402,56
1575108946.446302,56
1575108946.555549,56
1575108946.664782,55
1575108946.773760,55
1575108946.882872,56
1575108946.991953,56
1575108947.100951,56
1575108947.210043,56
1575108947.319003,56
1575108947.428124,56
1575108947.537334,58
1575108947.646390,58
1575108947.755727,58
1575108947.864847,58
1575108947.973967,57
1575108948.085011,58
1575108948.194265,58
1575108948.303556,58
1575108948.412591,58
1575108948.521763,58
1575108948.626913,58
1575108948.735742,58
1575108948.844741,59
1575108948.953605,59
1575108949.062573,59
1575108949.171599,60
1575108949.280547,61
1575108949.389575,60
1575108949.498614,60
1575108949.607704,60
1575108949.716578,60
1575108949.825902,61
1575108949.931778,61
1575108950.040748,60
1575108950.150134,61
1575108950.259305,62
1575108950.368452,62
1575108950.477521,63
1575108950.586794,63
1575108950.696072,64
1575108950.805467,69
1575108950.914254,71
1575108951.023674,72
1575108951.133003,82
1575108951.242047,93
1575108951.351616,92
1575108951.460428,75
1575108951.569711,65
1575108951.678833,70
1575108951.788073,72
1575108951.897053,74
1575108952.006206,81
1575108952.115634,84
1575108952.224473,92
1575108952.333459,92
1575108952.455120,66
1575108952.564517,66
1575108952.673727,72
1575108952.782884,72
1575108952.892051,74
1575108953.001200,84
1575108953.110309,84
1575108953.248593,93
1575108953.357450,92
1575108953.466328,67
1575108953.575213,68
1575108953.684369,66
1575108953.795995,66
1575108953.905224,65
1575108954.011836,65
1575108954.120699,68
1575108954.229930,68
1575108954.338849,68
1575108954.447908,68
1575108954.556891,68
1575108954.665874,68
1575108954.769584,69
1575108954.878474,68
1575108954.988067,68
1575108955.096249,67
1575108955.205369,67
1575108955.314127,67
1575108955.423089,68
1575108955.532149,69
1575108955.640918,69
1575108955.749809,70
1575108955.858936,70
1575108955.967879,70
1575108956.076774,71
1575108956.186007,71
1575108956.294950,71
1575108956.404250,70
1575108956.513569,70
1575108956.622445,70
1575108956.731561,70
1575108956.839728,71
1575108956.949443,72
1575108957.058689,72
1575108957.167920,72
1575108957.276053,71
1575108957.385173,71
1575108957.494268,72
1575108957.603609,73
1575108957.712900,72
1575108957.822129,72
1575108957.931311,72
1575108958.040514,72
1575108958.149506,73
1575108958.278153,74
1575108958.387288,74
1575108958.496441,74
1575108958.605538,75
1575108958.714487,81
1575108958.823523,83
1575108958.932733,83
1575108959.038480,94
1575108959.147720,95
1575108959.257537,93
1575108959.367880,94
1575108959.475896,89
1575108959.584888,92
1575108959.693921,75
1575108959.803090,76
1575108959.912280,76
1575108960.021422,76
1575108960.129363,75
1575108960.238403,76
1575108960.358691,77
1575108960.468700,76
1575108960.577754,83
1575108960.686864,84
1575108960.789649,85
1575108960.898803,87
1575108961.008341,97
1575108961.117454,96
1575108961.226395,95
1575108961.334478,93
1575108961.442621,98
1575108961.545419,97
1575108961.647931,78
1575108961.750308,78
1575108961.852649,77
1575108961.961766,78
1575108962.070868,78
1575108962.180121,79
1575108962.289007,80
1575108962.398684,79
1575108962.508480,80
1575108962.617638,86
1575108962.726700,86
1575108962.835759,88
1575108962.945194,89
1575108963.055131,99
1575108963.164280,100
1575108963.310108,95
1575108963.418999,97
1575108963.527963,98
1575108963.637800,89
1575108963.746863,78
1575108963.856847,71
1575108963.965857,38
1575108964.075148,39
1575108964.184346,40
1575108964.293307,42
1575108964.398467,40
1575108964.507582,41
1575108964.616527,41
1575108964.724354,40
1575108964.833867,40
1575108964.943211,42
1575108965.052373,42
1575108965.161591,42
1575108965.270683,42
1575108965.380328,43
1575108965.489318,43
1575108965.598337,43
1575108965.707537,43
1575108965.816470,44
1575108965.925528,44
1575108966.034589,44
1575108966.143671,44
1575108966.252685,45
1575108966.361765,45
1575108966.472087,44
1575108966.580818,44
1575108966.690104,46
1575108966.799592,45
1575108966.903768,45
1575108967.012576,45
1575108967.121428,46
1575108967.230318,46
1575108967.338187,47
1575108967.447246,46
1575108967.556650,48
1575108967.665706,48
1575108967.774821,48
1575108967.884097,48
1575108967.993304,48
1575108968.102295,50
1575108968.211722,49
1575108968.353291,48
1575108968.462222,48
1575108968.571216,49
1575108968.675017,49
1575108968.784153,50
1575108968.893623,50
1575108969.022780,49
1575108969.131985,50
1575108969.240829,50
1575108969.349707,50
1575108969.458465,51
1575108969.567622,59
1575108969.676682,61
1575108969.786409,64
1575108969.895643,72
1575108970.005056,80
1575108970.114059,80
1575108970.217792,56
1575108970.329948,61
1575108970.439007,61
1575108970.548172,63
1575108970.657365,73
1575108970.766370,77
1575108970.875656,82
1575108970.984613,62
1575108971.094099,56
1575108971.203227,61
1575108971.312568,63
1575108971.421633,63
1575108971.530998,75
1575108971.639651,84
1575108971.746740,83
1575108971.855757,56
1575108971.964734,56
1575108972.073455,55
1575108972.182622,55
1575108972.291574,55
1575108972.400564,55
1575108972.509408,56
1575108972.618419,56
1575108972.727292,57
1575108972.836549,57
1575108972.940067,57
1575108973.049023,56
1575108973.158483,58
1575108973.267679,59
1575108973.379197,59
1575108973.488414,59
1575108973.597849,58
1575108973.706923,58
1575108973.815892,58
1575108973.924776,59
1575108974.034228,59
1575108974.143250,59
1575108974.252490,59
1575108974.361625,59
1575108974.470712,60
1575108974.578773,61
1575108974.688066,61
1575108974.797240,61
1575108974.907182,61
1575108975.016305,60
1575108975.125169,61
1575108975.234173,61
1575108975.343008,61
1575108975.452779,60
1575108975.562301,60
1575108975.671576,62
1575108975.781149,62
1575108975.890563,63
1575108975.998574,62
1575108976.107592,62
1575108976.217074,62
1575108976.325503,62
1575108976.434563,62
1575108976.543972,62
1575108976.652763,62
1575108976.761868,62
1575108976.873419,60
1575108976.983109,65
1575108977.092018,71
1575108977.201530,74
1575108977.310533,75
1575108977.419811,85
1575108977.528744,85
1575108977.638019,94
1575108977.747176,94
1575108977.855985,67
1575108977.965204,67
1575108978.074309,72
1575108978.181113,75
1575108978.290046,74
1575108978.458535,87
1575108978.567520,94
1575108978.676669,94
1575108978.785777,70
1575108978.895224,66
1575108979.004430,65
1575108979.113563,65
1575108979.223763,68
1575108979.331793,69
1575108979.441067,69
1575108979.549741,68
1575108979.658769,68
1575108979.767834,75
1575108979.876970,78
1575108979.986077,78
1575108980.095322,88
1575108980.204436,88
1575108980.313748,94
1575108980.422980,94
1575108980.532032,72
1575108980.640929,74
1575108980.749987,69
1575108980.859014,69
1575108980.968067,70
1575108981.076891,70
1575108981.185966,71
1575108981.297293,71
1575108981.406299,71
1575108981.515529,69
1575108981.623311,70
1575108981.732505,70
1575108981.841491,70
1575108981.950610,71
1575108982.060890,71
1575108982.169840,71
1575108982.278588,71
1575108982.387531,71
1575108982.496418,71
1575108982.605507,71
1575108982.714390,73
1575108982.823628,72
1575108982.932682,72
1575108983.041586,72
1575108983.151028,71
1575108983.259947,73
1575108983.370987,72
1575108983.480246,74
1575108983.589254,74
1575108983.698346,74
1575108983.807577,74
1575108983.916605,74
1575108984.025523,74
1575108984.135201,73
1575108984.244266,74
1575108984.353128,74
1575108984.462335,75
1575108984.571493,75
1575108984.680659,75
1575108984.789475,75
1575108984.898472,76
1575108985.007603,76
1575108985.111349,76
1575108985.220444,76
1575108985.329947,76
1575108985.438975,76
1575108985.548504,75
1575108985.657589,76
1575108985.766594,77
1575108985.875693,77
1575108985.984767,77
1575108986.093652,77
1575108986.202720,77
1575108986.323772,75
1575108986.430811,78
1575108986.540407,84
1575108986.648374,85
1575108986.757186,87
1575108986.866154,87
1575108986.975318,98
1575108987.084542,97
1575108987.193439,95
1575108987.302409,96
1575108987.411856,98
1575108987.521211,99
1575108987.629996,77
1575108987.738957,78
1575108987.848627,61
1575108987.957482,38
1575108988.066842,38
1575108988.175960,39
1575108988.285273,40
1575108988.396122,40
1575108988.530260,46
1575108988.639359,51
1575108988.748404,61
1575108988.857632,69
1575108988.967051,55
1575108989.070130,43
1575108989.179384,49
1575108989.287523,52
1575108989.397057,62
1575108989.506298,76
1575108989.615265,71
1575108989.724241,44
1575108989.833165,43
1575108989.942318,43
1575108990.051366,43
1575108990.159965,43
1575108990.268868,44
1575108990.377991,44
1575108990.487375,44
1575108990.596709,44
1575108990.706016,45
1575108990.815328,45
1575108990.924781,44
1575108991.033817,44
1575108991.142674,45
1575108991.247128,45
1575108991.356043,46
1575108991.464834,46
1575108991.573879,47
1575108991.682969,47
1575108991.792011,47
1575108991.901087,47
1575108992.010399,48
1575108992.119661,49
1575108992.228635,49
1575108992.333680,47
1575108992.442999,47
1575108992.552098,48
1575108992.661095,48
1575108992.769970,48
1575108992.878770,48
1575108992.987829,49
1575108993.096674,49
1575108993.205776,50
1575108993.314590,50
1575108993.423676,50
1575108993.534042,51
1575108993.642982,51
1575108993.752224,50
1575108993.861451,50
1575108993.971508,51
1575108994.080502,52
1575108994.189710,52
1575108994.299860,51
1575108994.408713,51
1575108994.517557,52
1575108994.626394,52
1575108994.736390,53
1575108994.845581,54
1575108994.954600,60
1575108995.063772,65
1575108995.172693,75
1575108995.281984,75
1575108995.391006,83
1575108995.499896,69
1575108995.608946,56
1575108995.718044,61
1575108995.827598,62
1575108995.937018,64
1575108996.046262,75
1575108996.155887,87
1575108996.264964,84
1575108996.380050,56
1575108996.489765,58
1575108996.596767,64
1575108996.699713,67
1575108996.807557,66
1575108996.916424,77
1575108997.025413,91
1575108997.134445,86
1575108997.245866,58
1575108997.348781,59
1575108997.457478,56
1575108997.566309,56
1575108997.675334,56
1575108997.784395,58
1575108997.892185,58
1575108998.001200,58
1575108998.110164,58
1575108998.219550,57
1575108998.328508,58
1575108998.438680,59
1575108998.548904,58
1575108998.657812,58
1575108998.766561,58
1575108998.875400,58
1575108998.984739,60
1575108999.093576,60
1575108999.202629,60
1575108999.311720,60
1575108999.420622,61
1575108999.529632,62
1575108999.638895,60
1575108999.748093,60
1575108999.857363,60
1575108999.966878,60
1575109000.075775,60
1575109000.184735,61
1575109000.293670,62
1575109000.402659,62
1575109000.511677,63
1575109000.620872,62
1575109000.729966,63
1575109000.838906,63
1575109000.948155,62
1575109001.056303,63
1575109001.164238,62
1575109001.273106,62
1575109001.382087,63
1575109001.491003,64
1575109001.600106,65
1575109001.709043,65
1575109001.817609,65
1575109001.926129,64
1575109002.035590,66
1575109002.143398,65
1575109002.265996,65
1575109002.375388,65
1575109002.484464,72
1575109002.593419,72
1575109002.702177,75
1575109002.811050,85
1575109002.919947,82
1575109003.028637,65
1575109003.136310,21
1575109003.244649,17
1575109003.353565,2
1575109003.462615,31
1575109003.608381,0
1575109003.716381,0
1575109003.824382,0
1575109003.932425,0
1575109004.040319,0
1575109004.148194,0
1575109004.256133,0
1575109004.364104,0
1575109004.472076,0
1575109004.581059,0
1575109004.689016,0
1575109004.796967,0
1575109004.905318,0
1575109005.013909,0
1575109005.122146,0
1575109005.230983,0
1575109005.339388,0
1575109005.447553,0
1575109005.555576,0
1575109005.663976,0
1575109005.772041,0
1575109005.880552,0
1575109005.988402,0
1575109006.096386,0
1575109006.204307,0
1575109006.312441,0
1575109006.420341,0
1575109006.528190,0
1575109006.636633,0
1575109006.745205,0
1575109006.848265,0
1575109006.956165,0
1575109007.064106,0
1575109007.172086,0
1575109007.280040,0
1575109007.387917,0
1575109007.496060,0
1575109007.603979,0
1575109007.711948,0
1575109007.819906,0
1575109007.923738,0
1575109008.033434,0
1575109008.141278,0
1575109008.249279,0
1575109008.357387,0
1575109008.464578,0
